,V,TSLA,VIS,AAPL,ABEV,CF,AIG,AMAT,AMD,AR,ATVI,AUY,AZN,BA,BAC,HF,HFC,BMY,C,CELG,CHTR,CLF,JAZZ,COP,COST,COTY,CTL,CVS,CX,CZR,DHI,EA,ELLI,EMR,ET,F,FB,FCX,FDX,FOXA,GE,GG,GGB,GOLD,GOOG,GRPN,HAL,HBAN,IBM,IBN,INFY,INTC,ITUB,JNJ,JPM,KGC,KMI,KO,LLY,MDLZ,MGM,LVS,MRVL,MS,MSFT,NFLX,NKE,NLY,NOK,NTAP,NVDA,ORCL,PBR-A,PFE,QCOM,RF,RIG,RTN,S,SBUX,SIRI,SIX,SLB,SO,SPG,SR,SWN,T,TEVA,TGT,TSM,TWTR,TXN,VZ,WFC,WMB,XOM,YELP,VLO
V,0.000174471677070123,0.00011325768060092886,8.061525932331434e-05,0.00010231511849401457,6.963207087304287e-05,8.24285925357625e-05,7.63509942112489e-05,0.00012812886766076672,0.00014929980959974386,7.713555030646728e-05,0.00012433226287536078,-2.5448444095616954e-05,6.902996785433989e-05,9.619362638042847e-05,0.00010394420368022439,0.0001017308283684087,9.520634061445625e-05,7.588006935587326e-05,0.00010784876885279652,9.403231919223952e-05,8.261819865963303e-05,8.002659346312938e-05,9.872338673059972e-05,8.22597443566218e-05,5.6187911764595636e-05,5.8608833489486073e-05,6.280313494370697e-05,6.205715204931996e-05,0.00011503234441012914,0.00012007511817640924,8.810133406988226e-05,0.000104143920030617,0.00011931134023165612,8.047261569169398e-05,0.00013527426621120253,7.632913442643909e-05,0.00011908329656382219,0.00012961583828914372,8.913892754294595e-05,6.405354055195635e-05,6.561571353610797e-05,-1.7487548056259938e-05,0.00011752302864302874,-0.00012833838862447058,0.00011385230306666097,0.00010022631574961755,8.30498435873674e-05,7.970896373723874e-05,7.376807760108294e-05,8.737597178476463e-05,6.911851436094647e-05,9.545046333764438e-05,0.00010022265734899788,5.5708112692455244e-05,8.990528530514474e-05,-1.214606268527467e-05,7.807039956838118e-05,3.613747133983896e-05,6.369880555750231e-05,6.728465142363413e-05,0.00011671246168028479,0.00010594006640700945,0.00010098487806206248,0.00011665360891757074,0.00011892765107163318,0.00014476875394328105,8.4651415065211e-05,1.957384580209744e-05,8.810768954691722e-05,0.0001008928307764131,0.00014840805547445692,8.577711209583481e-05,0.00011802761203922853,6.334126002286526e-05,8.745819136088397e-05,9.241332605579498e-05,8.728869360288142e-05,7.210505186424401e-05,8.36598614915578e-05,7.713774481884498e-05,7.280090303021756e-05,6.906905971216616e-05,6.730368592894017e-05,1.3149328488430452e-05,4.656468467571773e-05,2.6805661957784396e-05,6.726904237745407e-05,3.727552538458026e-05,8.692651086921809e-05,5.345989000532924e-05,8.933239759202113e-05,0.0001175645481883324,0.0001047677535583572,3.454686642612029e-05,8.022508841846484e-05,0.00011192368209004693,6.237672667750571e-05,0.00013037486483688122,9.240982952633189e-05
TSLA,0.00011325768060092886,0.0007833379891264401,9.034795782850655e-05,0.00012061409511286106,6.95679072768852e-05,0.0001268683292491977,6.59436792290475e-05,0.00015422582269714253,0.00025701065231846927,0.00012144550752696382,0.00014832291534208497,-2.220730708529524e-06,7.004256084680281e-05,0.00010363689887835278,0.00010800689432164473,0.00010026049328529472,0.00012029608502817893,7.490907378420383e-05,0.00010246257718792385,0.00011860947523146131,9.302913367983458e-05,0.00018975159882640477,0.00015535841913116096,0.00012034198886244689,5.503506112773897e-05,6.995619741881057e-05,7.982916484719732e-05,5.7472940146822976e-05,0.00016134636464233172,0.00015268901969183487,0.00011835369453623158,0.00011961928265396998,0.00017211548306238884,9.391524255692426e-05,0.00019206556576526957,0.00010392958493150875,0.00017405560465594142,0.00020502568526321736,0.00010473411878489157,8.334291031387483e-05,9.200626586738066e-05,1.878907270682111e-06,0.0001460183216735177,-0.00011992202456776228,0.0001353385342654305,0.0001756572721349554,0.00011927849908391076,8.423210757333543e-05,8.298215734513486e-05,9.305323394777758e-05,8.21074193338572e-05,0.00011232792554264743,9.931112570598245e-05,5.263980933313202e-05,8.694318317943566e-05,1.1899923852154363e-05,0.0001039001488453959,3.9052845747557936e-05,5.941004868209386e-05,7.33926357422675e-05,0.00016632849758015846,0.00014000246111376343,0.0001222414754985587,0.00011810479278922323,0.00012762973816741547,0.0002569587272809661,0.00011373220324851313,2.603308890896002e-05,0.0001056854247892498,0.00011138616834336204,0.00019005493669388288,0.00010336059340638212,0.00017548058849089677,5.951860215558991e-05,8.429306429020303e-05,9.525228982144597e-05,0.00015321834862608028,5.884361042759916e-05,0.00015695690181235575,8.353666537526065e-05,9.608696118064646e-05,7.062485777370971e-05,7.927546940584606e-05,9.493951643395749e-06,5.307806208133308e-05,2.004591756823832e-05,0.00012340114333800784,3.7948389480042086e-05,8.719054114034764e-05,4.7456750343547564e-05,0.0001082374774573008,0.00023976532161038095,0.00012273515644094102,4.331628445695228e-05,7.241101220258822e-05,0.00018614728407620365,7.417056405773879e-05,0.00023236640049057456,0.00011203835431045164
VIS,8.061525932331434e-05,9.034795782850655e-05,8.993558660706762e-05,7.78645374480235e-05,6.345658503960579e-05,9.929263521016792e-05,7.639174444892672e-05,0.00010679627818923957,0.0001287723341469804,8.397230135870443e-05,8.064252014455447e-05,1.4496307421968565e-05,4.853968773110268e-05,0.00010200463038199488,0.00010104866204047558,9.962076441924634e-05,9.236500548053209e-05,5.907801606662808e-05,0.00010051687811871819,8.063111106022149e-05,6.62982441055561e-05,0.00014206280926195054,8.464547546836905e-05,9.632763175665394e-05,4.985320644605753e-05,5.794562951808937e-05,6.97649794107097e-05,5.647750703450986e-05,0.00011937948606800534,0.00012180747050240372,8.904212570203151e-05,7.452331535419248e-05,9.104390210191895e-05,9.799279526571445e-05,0.00011903739143742545,8.321591863441556e-05,7.896085769446136e-05,0.00016570240926574843,9.691098980369204e-05,6.255052631545461e-05,8.144361977884463e-05,1.3629183956797075e-05,0.0001340350174371037,-0.00011192844340698851,7.76753217019314e-05,0.00010318613858901227,9.97078501882411e-05,8.961575347973751e-05,6.96193153969891e-05,7.714879287765587e-05,5.415443345744474e-05,8.697411270563508e-05,8.70949486797997e-05,5.019825126448766e-05,8.973216649491773e-05,1.4113788314344751e-05,8.49579728956761e-05,3.4116618286699464e-05,5.108887222074525e-05,5.88993574700054e-05,0.00011230999120499918,9.584098379630946e-05,9.331850958289009e-05,0.000112583058087664,8.446054367757284e-05,0.00010348636638842105,7.086311355841713e-05,2.0656567930534253e-05,7.645984282992423e-05,9.01307628100978e-05,0.00011328476256566095,7.313723849844834e-05,0.00012768158904098248,5.5278947970778984e-05,7.914548461480395e-05,0.00010142030851715162,0.00012910487189375094,6.947354290445343e-05,9.55711267045431e-05,5.823959946742584e-05,6.690584607279797e-05,6.208706130084327e-05,7.727465263840165e-05,1.3547282592056366e-05,3.9492144002823386e-05,2.8037913687262828e-05,0.00010476323832688439,4.536108818104061e-05,7.023138133180546e-05,5.6543076278173906e-05,7.030960976552988e-05,8.820044481703945e-05,9.310253311095835e-05,3.908080659368426e-05,8.051024392917439e-05,0.00010987756755362467,6.662184613750273e-05,0.00010494649687325191,8.368789947588874e-05
AAPL,0.00010231511849401457,0.00012061409511286106,7.78645374480235e-05,0.00023669980203187672,6.336355249373717e-05,9.086840839853333e-05,6.671059964697983e-05,0.00013830824426524076,0.00016085978269283208,7.723732598614477e-05,0.00011873015184307389,1.2271750526752066e-05,6.158794319956318e-05,0.0001007130617264475,9.150124837913119e-05,8.469678613161262e-05,0.00010008990272876793,6.944935585775908e-05,9.675504009852094e-05,8.35555074192351e-05,7.908847513075909e-05,0.0001154631799093693,8.543533511327414e-05,8.499016344634375e-05,6.403437619121464e-05,5.373856993175424e-05,7.208689393514362e-05,5.365241745995268e-05,0.00011438414080927634,0.00012356593300598856,8.536695462587071e-05,0.00010457578616409442,0.00011956682320740536,8.23950208722494e-05,0.00011420904365956703,6.905032198815848e-05,0.0001238534561715706,0.00012739049015860008,8.206108670629006e-05,6.123175233274716e-05,6.767530658259636e-05,4.385777346707492e-06,0.00012054606427880405,-0.00015575152040670022,0.00011318747353557573,0.00012008181454201187,8.666054049999383e-05,7.26624812148193e-05,7.082859047540366e-05,9.10681777932565e-05,6.405827154998756e-05,0.00010661985400248912,8.638954055839384e-05,4.948879271514574e-05,8.345184904006812e-05,4.690712138566995e-06,8.010013911283163e-05,3.096315709831395e-05,5.1664287097803456e-05,5.7093024047613304e-05,0.0001138504407235572,9.988949071475257e-05,0.00011161503960371269,0.00010636544150881733,0.00012293320628348992,0.00014500319791309856,7.667494370453935e-05,1.948191909843434e-05,8.783336859968949e-05,0.00010962528741316469,0.00015488057802333575,8.489367074920164e-05,0.00011222396829605616,5.6551378122022166e-05,9.755303235260578e-05,7.555703490770927e-05,0.00010234258840780172,5.8662473578639996e-05,8.107069788342857e-05,7.063448871679017e-05,6.664435849164312e-05,5.422654466082811e-05,6.564954842546874e-05,1.245678076892279e-05,3.7603574199349315e-05,2.149269092807832e-05,8.467178533914458e-05,3.939679299951625e-05,7.139229661279762e-05,5.445527538590085e-05,0.00010540275116595904,0.0001313029463906312,0.00011952055643432647,2.9714078205895573e-05,6.903199339249711e-05,0.00011096688779127335,6.129793251586869e-05,0.0001329079173557239,8.631166153962139e-05
ABEV,6.963207087304287e-05,6.95679072768852e-05,6.345658503960579e-05,6.336355249373717e-05,0.0003342566265966603,8.10242342074358e-05,5.477423361908977e-05,9.249678030207799e-05,0.00010779027080050798,7.443713162813156e-05,6.121044305650333e-05,0.00011047739050203867,6.0455580839635066e-05,6.67561845221088e-05,7.479637619986395e-05,7.338079616325405e-05,6.664532709642084e-05,4.612776515458837e-05,8.348385926340481e-05,8.659577933534876e-05,5.252060351432286e-05,0.0001616119962393782,5.8477279681432754e-05,9.915240362555774e-05,3.726171211088551e-05,8.960866426765932e-05,7.052281465931323e-05,5.219196974888738e-05,0.0001742068917428028,9.773089113560132e-05,8.506656381411209e-05,5.3045986342157714e-05,7.661653412394638e-05,7.223946270094479e-05,0.00011329910927148719,5.5227435496130706e-05,7.460893086085254e-05,0.0001917740104013107,7.40391077899436e-05,5.290128730195297e-05,6.102545124108701e-05,8.99640728694375e-05,0.0003162469384600675,4.938000668599658e-06,6.620014495274838e-05,0.0001029029998836854,0.00010770508238133267,6.174200003095457e-05,5.9905952004634186e-05,0.00010600876200507081,6.41222670914139e-05,7.274069735952458e-05,0.0003325618887967272,4.826119115422305e-05,7.093753387737516e-05,0.00010239068005860329,8.75705282547364e-05,4.706514965002006e-05,4.4597686792247436e-05,6.181106758735816e-05,9.213467220957182e-05,8.124272624092949e-05,7.832121092421956e-05,8.30091965556517e-05,7.304045760972983e-05,0.00010561998615308109,5.589628607384108e-05,2.5159485861223627e-05,7.57245692400069e-05,6.867077560346306e-05,7.005498138341671e-05,6.889104039767097e-05,0.0004289470108983013,4.1250923104345024e-05,7.002179743981442e-05,6.524982519876683e-05,0.00014890182427269445,4.273315344734806e-05,7.434360978546778e-05,5.024374100051478e-05,5.622598686098509e-05,4.8810057584452745e-05,9.066098498093617e-05,2.6955755808954182e-05,4.260204206820027e-05,2.676588521786904e-05,0.00011061152943262945,4.927853046673533e-05,6.507426343282633e-05,3.1930227545976914e-05,7.72025712864606e-05,8.030100931100827e-05,7.095997014430626e-05,4.3125467884867445e-05,6.022491662121658e-05,0.00012231002173641972,6.966623323108555e-05,8.00870173515686e-05,6.216386574142167e-05
CF,8.24285925357625e-05,0.0001268683292491977,9.929263521016792e-05,9.086840839853333e-05,8.10242342074358e-05,0.0005806996202553879,9.601154756782702e-05,0.00011757422472789685,0.00017190774173136676,0.0001702015385641327,8.858079701140812e-05,7.21599150004665e-05,5.949214623976902e-05,0.00010283764331318711,0.00013378909942266914,0.0001053527393303063,0.00016471667010002912,5.445436115922305e-05,0.00012786941937159468,9.61034774391412e-05,7.748681124192273e-05,0.0003072716879654237,0.0001358640188733693,0.00018144737801861077,3.632766177016652e-05,6.951685606966316e-05,0.000113618053025094,5.9713369984275865e-05,0.000173546325333099,0.00019721358919188128,8.619210006739424e-05,6.214820213757239e-05,9.083817287612065e-05,0.00013033641797845585,0.0002487765068438419,0.00011524169273520092,8.223443943226012e-05,0.00033915502078922505,9.774084908297234e-05,7.412204184506076e-05,8.839895857843413e-05,4.96566939489034e-05,0.00022929806139114066,0.00014827829314326417,8.67040354289597e-05,0.0001622411740725743,0.00017880313223024287,0.00011306979219270047,7.653628588678575e-05,0.00011716920324640227,6.760923855053396e-05,9.291474394681089e-05,0.00011068034470433055,3.889813809654911e-05,0.00010901079327064271,5.183304387907181e-05,0.00017127618074742082,2.5788914227471255e-05,5.765143109335808e-05,6.258324568277106e-05,0.0001426542798576164,0.00013552770623240538,0.00013649611778651367,0.00015223816082373737,9.452689368750466e-05,0.00013546476852964123,7.612642014541242e-05,1.8685921206877854e-05,0.00010618648495500002,0.00011543706592087663,0.00012478665424382762,8.120833275510134e-05,0.0002226019474693384,6.145416149554804e-05,9.60925302705315e-05,0.00013450772356619393,0.00028312832950375225,4.957490964783807e-05,0.0001563604636441365,5.045352604454094e-05,8.7654253132214e-05,7.975390672144198e-05,0.00012841034225971699,-8.11581895392126e-06,3.228288774294021e-05,7.48991755184238e-06,0.00021485219328517497,3.3995564711714154e-05,8.527072212054378e-05,6.772881690052142e-05,8.019022629636586e-05,0.00014393010051268798,9.982758216927427e-05,2.970959015949038e-05,9.898782340112795e-05,0.0002362337182570457,9.762241463189294e-05,0.00016208444630853283,0.00011874906455315694
AIG,7.63509942112489e-05,6.59436792290475e-05,7.639174444892672e-05,6.671059964697983e-05,5.477423361908977e-05,9.601154756782702e-05,0.00016943121431593652,9.426549401223014e-05,0.00011741451870951737,7.872886905560748e-05,6.836879660250288e-05,-1.350703340561055e-05,3.961014930293832e-05,8.480904868561238e-05,0.00012562042071504297,9.738868203813877e-05,9.017684126310144e-05,5.5320372762125473e-05,0.00012473172564376,8.332100575522178e-05,6.997830598130982e-05,9.435821361805033e-05,9.008696469699779e-05,9.030111984398844e-05,4.610436939185395e-05,5.9980228732962656e-05,8.445574623796091e-05,6.406186342992768e-05,0.0001142950121719257,9.785434805981383e-05,8.787314244178271e-05,6.297524135515812e-05,8.495789314141705e-05,8.426368245956022e-05,0.0001088075612684232,7.7971836761829e-05,7.103069677172394e-05,0.00013617941752560927,7.779554321938531e-05,6.190486957597497e-05,8.125044006314406e-05,-1.3292919876695021e-05,0.00011270369120506953,-6.204722355184304e-05,7.241860993911679e-05,7.144089805858929e-05,9.296274668310437e-05,0.00011182911980334993,6.445737563679398e-05,7.548860144102997e-05,5.053833861359428e-05,7.32814334606335e-05,7.98207563376929e-05,4.4458239525732046e-05,0.00010888387696079831,-2.445286005762395e-05,7.91015795438627e-05,3.7826994377794014e-05,4.852144451344247e-05,6.210609404387892e-05,9.952549258225539e-05,8.763146797192262e-05,7.384393897154863e-05,0.0001321934824046708,7.566943769217594e-05,9.870485191632479e-05,6.471972736313522e-05,1.711371681044465e-05,7.534458655200516e-05,8.447164321910043e-05,9.38593081067772e-05,6.729472258827162e-05,0.00012034827681178288,5.185129271013156e-05,6.248704144540624e-05,0.00012687740048214293,0.00011958813395830602,5.4358294321948585e-05,9.009201793381832e-05,5.741455092443845e-05,5.747612142967748e-05,6.997758123684469e-05,7.723871326023556e-05,7.776908240966283e-06,3.468649440917228e-05,2.021931307596294e-05,0.00011159885708828808,3.945974899692926e-05,8.099779691719532e-05,5.160649379208498e-05,5.7040870145037095e-05,6.948168198227798e-05,7.710231814918981e-05,3.446051530187732e-05,9.516939013183937e-05,0.00010776130524742156,6.433745619249448e-05,8.793794385098245e-05,8.50384161175942e-05
AMAT,0.00012812886766076672,0.00015422582269714253,0.00010679627818923957,0.00013830824426524076,9.249678030207799e-05,0.00011757422472789685,9.426549401223014e-05,0.00038897939727109847,0.0002740445243440263,0.00012141578239901027,0.00015227562714525955,1.2080730748723594e-05,7.385318503486506e-05,0.00011583182992444337,0.00013232581915930794,0.00013817527772742036,0.00011177504315352098,8.026029650328558e-05,0.00012580589426470544,0.00011893461543461871,8.893646302901319e-05,0.0001674106347103099,0.00013198687599911212,0.00011211442052193083,5.517730246063561e-05,7.523239404135483e-05,7.593520160711678e-05,6.521616994438241e-05,0.000164545019598018,0.00020200624497964452,0.00013374021195448457,0.0001381981236680119,0.00015156080635418415,0.00011203590819692093,0.0001693719759906231,0.00010508649057007515,0.0001294985554591378,0.00020146733361592648,0.00012139342267958215,8.186029982882649e-05,7.773343662284955e-05,1.3317058336615935e-05,0.0001775228031109041,-0.0004152046580220731,0.00013021368988335138,0.00016069428092927766,0.0001271494711309684,0.00010778345403431055,8.876197606119087e-05,0.00012643939850274065,7.716947525626973e-05,0.00016355177917756552,0.00012797028147543694,6.576243038129264e-05,0.00011063641407733263,2.1893096088593136e-05,0.0001121906489826895,3.9506098189612444e-05,6.307969250585009e-05,8.125996395253845e-05,0.00016312687153445513,0.00014761499627782406,0.00020264422355305926,0.00014763223578994998,0.00013953685547574222,0.0001783826330775432,8.906803789133367e-05,2.219954072333108e-05,0.00011182148987457416,0.00015220887315239197,0.0002690798930203167,0.00010355339428413976,0.00017121167328081922,6.679889571899138e-05,0.00014818961536516362,0.0001243846988440896,0.0001385667296318958,8.059627198033144e-05,0.00010221760815962368,7.550302849094102e-05,8.636401611543334e-05,8.274196513755885e-05,8.93847282043366e-05,1.1878802414939548e-05,3.5804635285197655e-05,2.687947998013663e-05,0.0001324768459845946,4.750354393990502e-05,0.00010266994328053935,4.954699371361847e-05,0.00015522836776327023,0.00016373118981456055,0.00019545223043104898,3.682316362561843e-05,9.677945555211509e-05,0.00016178669275715638,7.447488149824166e-05,0.00017796121729287553,0.00010520677752087117
AMD,0.00014929980959974386,0.00025701065231846927,0.0001287723341469804,0.00016085978269283208,0.00010779027080050798,0.00017190774173136676,0.00011741451870951737,0.0002740445243440263,0.0015142915699686852,0.00014710675798955424,0.00018123229652717074,5.709485673808498e-05,9.051553984501415e-05,0.0001515988924155085,0.00015711774772397038,0.0001768313639648666,0.00014401907545566922,8.408484028609997e-05,0.00015951834055618976,0.00012724992384646587,9.832242120250519e-05,0.0003343911948674772,0.00014750642164608048,0.0001815347549834677,5.278853898067542e-05,0.00011803547777567311,9.47421884473776e-05,6.85170942480988e-05,0.0002792158293818251,0.0002404726469675299,0.00016141472561256954,0.0001619145133078761,0.00020185277345780361,0.0001435457760011786,0.0002526653537918371,0.00012195988575094613,0.00015378435225056077,0.00032397283294148077,0.0001578538963535868,8.007594520086755e-05,0.00011854458027791129,5.1037510883087224e-05,0.0002485933167861806,2.6165757124536522e-05,0.00012188900077143292,0.0001912768661027263,0.00017197197565477405,0.00011769452754457923,0.00012088967093216687,0.00016580637131696207,0.00010016552710695024,0.00017908100545518585,0.0001497553227205504,5.712440943811973e-05,0.00012259113965649166,4.400063939670453e-05,0.000152624403332356,4.343579800869312e-05,5.6236641090000376e-05,9.455799613052135e-05,0.00021080774620384178,0.00019468763396829515,0.0002619264532888844,0.00017202424833920627,0.00013069585828649088,0.0002513587230194897,0.00010854322944296457,2.3195377123590667e-05,0.00013837340350455744,0.0002042681992436666,0.0004355746450848999,0.0001409519707605616,0.00023552539955708506,7.838701937746325e-05,0.00017827844442543545,0.00014848028706480442,0.0002602212586724256,8.402205347685916e-05,0.00022997206874085944,7.613542545178513e-05,0.0001427493100076988,0.00010377902200987162,0.00012701736260571492,1.3816213698450506e-06,4.992274087377168e-05,2.086544178995422e-05,0.0002348845776415854,5.971479575441912e-05,0.00011996085719046711,8.066524279738814e-05,0.00016206350703382386,0.0002009936997818652,0.0002227541903296218,4.996301536990909e-05,9.554498249101861e-05,0.00020249329402281766,9.059380956923846e-05,0.0002331654524320509,0.0001512994524425577
AR,7.713555030646728e-05,0.00012144550752696382,8.397230135870443e-05,7.723732598614477e-05,7.443713162813156e-05,0.0001702015385641327,7.872886905560748e-05,0.00012141578239901027,0.00014710675798955424,0.0006289542905210895,7.043896386673193e-05,0.00017077461224847103,4.998357102502115e-05,6.570577015258356e-05,0.00010542900342891298,9.606669426487084e-05,0.00016525427577154925,5.554954437969015e-05,0.00010568635992567393,9.93474116483191e-05,7.700534372262705e-05,0.0003599708562344883,0.00012463385046812057,0.0002497191876155292,3.712111755229476e-05,9.937961208742743e-05,0.00010781471774018308,4.029112053422023e-05,0.00017654195563567205,0.0001919181736035814,7.55060250347177e-05,5.051266767838585e-05,8.189626630386105e-05,0.00011830681994714253,0.0002635527082932357,0.00010564798520721483,6.435269108345111e-05,0.00037126529729759644,7.824090901291249e-05,7.143252815373595e-05,8.853921530712094e-05,0.00011099139903350296,0.00021531758119723912,7.93427894021549e-05,6.534740321633511e-05,0.00011656610615522302,0.000238164278464903,8.328683742130284e-05,7.277532036439878e-05,8.810246605499174e-05,6.205853105467474e-05,8.122473721087803e-05,0.00012992491200792123,3.853504570856121e-05,9.237956926571847e-05,0.0001589588674294845,0.00020522037796991783,2.4468935650548298e-05,4.521117393194261e-05,4.5559213597389554e-05,0.00014758814760108357,0.00013011724859900788,0.0001322132845181883,0.00011123417698225598,8.557791621815733e-05,0.00010005094400828302,4.707247036845102e-05,2.3841275017711997e-05,9.084794474955405e-05,0.00010776181975829507,9.272046417538206e-05,6.852369347921702e-05,0.00028577660131747217,4.9679092420274365e-05,7.949063093399259e-05,0.00011286251099064753,0.00038447005394756265,3.300732322643877e-05,0.0001171423066297725,3.270423327108173e-05,7.75262576429592e-05,5.8209428765634445e-05,0.00018760182136055178,-1.865820005623618e-06,3.3301165101392076e-05,2.128597531911216e-05,0.0005800738863323504,4.653928956172498e-05,0.00013479045544067836,5.381966279694501e-05,6.90502323887419e-05,0.0001287006473907947,8.299589279519662e-05,4.112119112949884e-05,7.929026656921524e-05,0.00022456340245125472,0.00012914992138077767,0.00014714703710706032,0.00011905500586566425
ATVI,0.00012433226287536078,0.00014832291534208497,8.064252014455447e-05,0.00011873015184307389,6.121044305650333e-05,8.858079701140812e-05,6.836879660250288e-05,0.00015227562714525955,0.00018123229652717074,7.043896386673193e-05,0.000405239134158341,9.873898350586649e-08,6.69238500048929e-05,0.00010049845813841953,8.18316477648305e-05,0.00010786679291424883,0.00010974076480513586,6.97163920653706e-05,8.966219377036298e-05,8.354617074958666e-05,7.930313059727587e-05,7.522875534347497e-05,0.00011038665807234584,7.690249065268251e-05,5.4121666361423796e-05,6.39337997931632e-05,6.741982465159008e-05,5.874872815258365e-05,0.00012650438032076733,0.00015332688545770774,9.906137095509464e-05,0.00022460672622729607,0.00014399597622865903,7.415784721722567e-05,0.00014699556180476807,6.975241941713196e-05,0.00015226437958840446,0.00012784906055262642,8.294393133523149e-05,6.0762499537678365e-05,6.23165179043828e-05,8.381779059304996e-06,0.00012352223387999817,-1.5816579118642244e-05,0.00013991941882748643,9.41224825748001e-05,8.663310537068215e-05,7.020047984694385e-05,6.443557035390254e-05,8.451006936200624e-05,5.549609027586517e-05,0.00010786689751090224,9.942414691192822e-05,5.6143008670838184e-05,7.373822695990167e-05,4.843452781463027e-06,6.366751556563082e-05,3.102167822941159e-05,5.4361897381673165e-05,8.300124851355628e-05,0.00013696048153085568,0.00010160346246115408,0.00011863720789688853,0.0001044094810157338,0.00013776916100281323,0.00018969035741805369,8.991431207768721e-05,2.1344659694365674e-05,0.00010475189020326916,0.00010311986598161296,0.0001880073430815761,9.136410700124174e-05,0.0001105769221369508,4.843267595864092e-05,9.922184426680995e-05,7.59992221362844e-05,9.938869199960118e-05,6.63573526271458e-05,0.00011239715994989979,7.234604026266771e-05,8.745072925430692e-05,7.177950750570382e-05,6.96389315015389e-05,1.8692950369584766e-05,4.373485943957728e-05,2.8627211046104524e-05,3.491828562846225e-05,3.5611504200186554e-05,6.073834952688749e-05,3.633465677496937e-05,0.00010598928843248451,0.00013632303355541148,0.00012001312120544675,3.542902748945382e-05,6.994376858499182e-05,0.000126250017880589,6.053429270632676e-05,0.0001852054977814655,0.00010102811364023593
AUY,-2.5448444095616954e-05,-2.220730708529524e-06,1.4496307421968565e-05,1.2271750526752066e-05,0.00011047739050203867,7.21599150004665e-05,-1.350703340561055e-05,1.2080730748723594e-05,5.709485673808498e-05,0.00017077461224847103,9.873898350586649e-08,0.0012637364760652056,1.7188864291448745e-05,7.42305108823113e-06,-6.456356705719177e-05,1.8809419031497844e-05,9.768352401135463e-05,-4.59977093061492e-06,-2.7668889783365365e-05,4.673308180487661e-05,7.250354264151419e-07,0.000398860744273855,1.2133896246966774e-05,0.00012024870532422535,-2.087389540429918e-05,4.6016613583323786e-05,6.091725331762051e-05,-6.0259044101046245e-06,0.00013661956009758288,4.223581156039093e-05,3.339919500272379e-05,-3.641867179661412e-05,3.635307266191943e-05,4.5515995552151155e-05,0.00010595442172769114,2.429884920277424e-05,1.2488661905929418e-05,0.0004114601297844747,-2.510314539464538e-06,1.539398138321836e-05,1.5744856232311588e-05,0.0007332044915055958,0.0002495998383278751,0.0005769875904635596,-1.1501524403749107e-05,6.545321971430971e-06,0.0001452089388215612,-6.0325239212433386e-05,8.314851888932179e-06,6.350291482842274e-05,6.865206714304256e-06,1.566591283848688e-05,0.00014358668095022827,2.0424143228882837e-06,-3.1989000299254336e-05,0.0009597332265980763,0.00010531698379117227,1.3492271442930384e-05,1.7366660583048998e-05,-6.359987174055912e-06,3.384881549105124e-05,6.642381932121134e-05,3.973020567624279e-05,-4.3970275451625106e-05,5.006687541697347e-09,1.4310846115582419e-05,-3.1811518399924e-05,5.836628494795282e-05,-1.5927361966284618e-06,4.003720554942391e-05,-1.4026928146759691e-05,3.4733480196736535e-05,0.0003116103647960021,9.493938756206724e-06,2.3531983570590234e-05,-5.374095768976262e-05,0.00023015543696263153,-9.412431212216697e-07,7.034031893242792e-05,-3.1053031897138673e-05,9.479694279740282e-06,7.616446938720233e-06,0.00011293608614402636,2.984741790323771e-05,2.9164650569087636e-05,2.0222071361177866e-05,0.0002275810324257835,2.6249441723062603e-05,6.1594948760305e-06,-2.1115118815429026e-05,1.7739708140484003e-05,4.4580549802496055e-05,2.8520005386949338e-05,1.9591572076002336e-05,-4.05991884837375e-05,0.00010697815667772799,6.365460893514563e-05,7.743086890317232e-05,3.518016474285851e-05
AZN,6.902996785433989e-05,7.004256084680281e-05,4.853968773110268e-05,6.158794319956318e-05,6.0455580839635066e-05,5.949214623976902e-05,3.961014930293832e-05,7.385318503486506e-05,9.051553984501415e-05,4.998357102502115e-05,6.69238500048929e-05,1.7188864291448745e-05,0.00023848776963102016,4.903643219670579e-05,4.940082554048529e-05,6.362975902046083e-05,6.959442575888592e-05,7.314103038036308e-05,6.145092711009296e-05,0.00010890712954230996,6.219390451442394e-05,6.954945112584064e-05,9.97866579013219e-05,5.883015914180854e-05,3.014117525958576e-05,3.070885090290318e-05,4.0726157942873735e-05,3.99402864902443e-05,8.177428994105812e-05,6.848953680537768e-05,6.43894687141313e-05,5.7539023054344145e-05,6.154658831246225e-05,4.667912344730144e-05,0.00010240888937700417,4.2934106075180004e-05,6.563909085742933e-05,8.698702290817907e-05,5.405470328890796e-05,3.721841999126351e-05,3.760706181395275e-05,1.951597433361523e-05,7.947282793044447e-05,7.951164792018062e-05,6.402498064905492e-05,9.906225608400343e-05,5.634711989095443e-05,4.7177629278812014e-05,4.796413997250889e-05,7.219622918524355e-05,5.4481795769799735e-05,5.7467883879340796e-05,8.778015063917704e-05,5.091011770757955e-05,5.0582032192425474e-05,1.4549291659584583e-05,5.444631981705488e-05,2.658669871923222e-05,6.71304299651577e-05,5.7871030027897177e-05,7.730186462334926e-05,5.529326454494641e-05,5.480722619207376e-05,6.853896703813818e-05,6.633350264561609e-05,8.328146219701543e-05,4.9919715657117776e-05,1.61494628663037e-05,7.1960746428723e-05,5.0121035843341014e-05,7.150807032331167e-05,5.762849327815494e-05,0.00011367994127067166,6.160745291432927e-05,5.6478254064171824e-05,5.136778081532071e-05,4.93595481910798e-05,4.855499555826027e-05,8.402188580822737e-05,3.6879210820605016e-05,3.4651712729763206e-05,3.8012781685655306e-05,4.378071927662893e-05,1.820076383183761e-05,2.9520527333507693e-05,2.535726160961595e-05,7.367277680810945e-05,2.959165652858419e-05,8.048336600176775e-05,3.0474120630247073e-05,5.6552077115510155e-05,7.478314538291357e-05,5.97660162516802e-05,2.5324653871362176e-05,4.5706172001484594e-05,8.831016760968584e-05,3.8256293589644174e-05,6.933212226374112e-05,6.23522604714844e-05
BA,9.619362638042847e-05,0.00010363689887835278,0.00010200463038199488,0.0001007130617264475,6.67561845221088e-05,0.00010283764331318711,8.480904868561238e-05,0.00011583182992444337,0.0001515988924155085,6.570577015258356e-05,0.00010049845813841953,7.42305108823113e-06,4.903643219670579e-05,0.0002195353029339066,0.00011230335782619226,9.940111405388277e-05,9.955356486906877e-05,7.123355820551506e-05,0.00011230857599904516,8.486080584427645e-05,6.827102558905141e-05,0.00011676499483398554,8.532325833686524e-05,9.704527668650871e-05,5.2863036125131585e-05,6.303873822085108e-05,7.011425828188454e-05,6.056258349789297e-05,0.00012743377149056982,0.0001288960568672368,9.839768696283431e-05,9.969978685965013e-05,9.275563789606614e-05,0.0001034896234456656,0.00012829664345872548,8.357940105070136e-05,9.101509142694133e-05,0.00017103266820268933,0.00010314694130219275,7.10743148482864e-05,8.075222657601091e-05,2.678148551681656e-06,0.00015529470775166068,-6.840059852430269e-05,8.896174687554454e-05,0.00010677059938421317,0.00010580980515588131,9.377842331973548e-05,7.874512733923548e-05,8.829968800318708e-05,6.349328690037144e-05,9.761203846228345e-05,9.605720328140518e-05,5.850396365694035e-05,9.997190496594612e-05,1.0930017881640456e-06,8.993190409278843e-05,4.023756551706769e-05,5.2958300975144245e-05,6.266693666368956e-05,0.00011806768933829976,0.00010413453774323905,0.00010337369191518328,0.00012222315442601004,9.577335466939104e-05,0.0001242775905202585,8.20125686384253e-05,2.1093968335356967e-05,8.279383848452509e-05,0.00010305601352742676,0.00013045578027361747,8.173636639227731e-05,0.00012775337579983557,5.5289676755678887e-05,8.841347868742666e-05,0.00010791017499330277,0.0001308932647095532,9.084788628465497e-05,0.00010796590962943883,6.528280776858496e-05,8.007169967292772e-05,6.313076112303606e-05,7.842308491715378e-05,1.5479400099398676e-05,4.546743981349066e-05,2.1294915321680656e-05,7.9362527648596e-05,5.075206316673611e-05,8.159583770801868e-05,6.206272617866042e-05,7.919188262333416e-05,8.354952258442764e-05,0.00010758751373766422,4.408982087346445e-05,8.702463075978154e-05,0.00011529830928699525,7.284414080125497e-05,0.00010768056042357235,9.391993113435962e-05
BAC,0.00010394420368022439,0.00010800689432164473,0.00010104866204047558,9.150124837913119e-05,7.479637619986395e-05,0.00013378909942266914,0.00012562042071504297,0.00013232581915930794,0.00015711774772397038,0.00010542900342891298,8.18316477648305e-05,-6.456356705719177e-05,4.940082554048529e-05,0.00011230335782619226,0.0002596166392949986,0.0001405875431842551,0.00013201313038021959,7.010415864638073e-05,0.00021185607948290063,0.00010886353659696195,7.755369630618782e-05,0.00016053099296779283,0.0001246072879604385,0.00012958077252681662,5.428703038635114e-05,6.225263999885514e-05,8.736617237514438e-05,7.117521206217199e-05,0.00015484898830860018,0.00012712991710225711,9.872125258806316e-05,8.034899238266631e-05,9.754235525689336e-05,0.00010914928464879403,0.00016789620895062553,0.00011252245522714579,0.00010170123241740538,0.00020378666623241127,0.00011414701239646687,8.742927461715561e-05,9.464241197317426e-05,-5.348673988020322e-05,0.0001702609700149218,-0.00022553798657540025,9.60510437492928e-05,0.00014048387908331618,0.00012320237980314723,0.00019086406210261868,8.25046556130905e-05,0.00011624376937901765,7.01142235389581e-05,0.00010251329600535431,0.00011273556569075816,5.13913451426255e-05,0.00018365509270885173,-7.002847213627941e-05,0.00010858066359808556,2.910632133103639e-05,6.081112584073596e-05,6.0132088794609645e-05,0.00014165746046478005,0.00011605734070767035,0.00011567828802892981,0.00022221529743122442,0.00010149130083810782,0.00013427749181786134,8.598770727069457e-05,8.884943708110761e-06,0.00010228593811578183,0.00011294383914304027,0.00013416280636103484,8.948143340553769e-05,0.00016999183445082317,6.721109051224312e-05,9.679858763075046e-05,0.00022306013759162304,0.00017246740614019907,6.274468657133458e-05,0.00013321279838702976,7.194193629817503e-05,8.532875887257716e-05,6.855498431648429e-05,9.553852165356299e-05,-1.660358465729335e-05,2.993927207382071e-05,8.386854479282326e-06,0.00014795184610863078,4.576089106295554e-05,0.00010889756290614574,6.245844063433284e-05,7.686313061162208e-05,0.00011384593269825384,0.00011099221456378358,3.973922105558559e-05,0.00015829748413046023,0.00014583616085947105,8.091273876414891e-05,0.00012410920924017086,0.00011004563726345738
HF,0.0001017308283684087,0.00010026049328529472,9.962076441924634e-05,8.469678613161262e-05,7.338079616325405e-05,0.0001053527393303063,9.738868203813877e-05,0.00013817527772742036,0.0001768313639648666,9.606669426487084e-05,0.00010786679291424883,1.8809419031497844e-05,6.362975902046083e-05,9.940111405388277e-05,0.0001405875431842551,0.0004642998756351559,0.00013274582193770649,8.049448445221984e-05,0.00013069723665529623,0.000108920747646264,9.022144084437708e-05,0.00016183857545967506,0.00012868016663926241,0.00010776411802777623,5.473796071494848e-05,7.475020603732189e-05,6.669502885100321e-05,5.4621442954092227e-05,0.00016273033264591435,0.0001671909693251005,0.00012167290446206192,9.081340308094033e-05,0.000134276326310045,9.803014151145371e-05,0.00019940905452703236,9.763764496677472e-05,9.941802222434455e-05,0.00023419731320699987,0.0001067441725068218,7.743339159983612e-05,8.042001219569032e-05,2.0939677172764248e-05,0.0001754661187840393,-4.863785755474933e-05,8.610927049965365e-05,0.0001745177285990176,0.00010625120066432043,0.0001225809556880796,8.510898118256945e-05,9.906431458455526e-05,6.629214069516748e-05,9.32161813619955e-05,0.0001161802715359518,5.437904765691286e-05,0.00011275218444326251,1.765498342007701e-05,0.00010744655865067272,3.860852084221402e-05,5.6481863888973415e-05,6.6079912526051e-05,0.0001316222437256029,0.0001215162328439392,0.00011733801989680104,0.00014671070226340098,9.153627451271127e-05,0.00011440091690948638,8.803041399573999e-05,2.5524059491412022e-05,9.260596214450404e-05,0.00011447225037030053,0.00013793309308830334,8.519195687658437e-05,0.00015056751214946967,6.719879795708702e-05,9.233202179239166e-05,0.0001447066571005628,0.0001400718429793366,7.832623228505836e-05,0.00010741554952860245,6.670772637380809e-05,7.012614881220651e-05,6.0300422113910105e-05,7.827081226509193e-05,9.048201760869905e-06,5.418356641437584e-05,4.014249308161757e-05,0.00011088208136855233,4.57306636049611e-05,0.00010039390885841587,6.410028340815443e-05,7.59672009135214e-05,0.00011506814721387206,0.00010545858097825953,3.9225412629380274e-05,0.0001005124160506536,0.00017234571613370674,6.482418982323218e-05,0.00015406295017515796,0.00010805693994853728
HFC,9.520634061445625e-05,0.00012029608502817893,9.236500548053209e-05,0.00010008990272876793,6.664532709642084e-05,0.00016471667010002912,9.017684126310144e-05,0.00011177504315352098,0.00014401907545566922,0.00016525427577154925,0.00010974076480513586,9.768352401135463e-05,6.959442575888592e-05,9.955356486906877e-05,0.00013201313038021959,0.00013274582193770649,0.000536941809420172,6.024827054070706e-05,0.0001299044827208809,0.00010814306969046391,7.873298480444224e-05,0.00022528323473874415,0.00010617530698457474,0.00017744662908131018,5.356551850796422e-05,7.526639526027497e-05,7.94730183796362e-05,6.26192017934495e-05,0.00013542700409809594,0.00013545363380103981,0.00011742421172085934,7.582870526336502e-05,9.315772299182911e-05,0.00010350863826041368,0.0002621006795427305,9.905498297388472e-05,9.795578271206468e-05,0.000228969107897276,9.343070293047635e-05,7.240843719483975e-05,7.26058760845682e-05,6.640569806746887e-05,0.00018820232595506358,-0.00010701156705743959,9.806219812628672e-05,0.0001602596261689228,0.00015499667380662187,0.00010878203637116274,7.233648060809413e-05,9.492518873581703e-05,5.002889375140427e-05,9.418315622685857e-05,0.00010324730524885101,4.365498907420609e-05,0.0001114438803820142,6.579231784995034e-05,0.0001526693241070485,2.8564417454550867e-05,7.062795232378579e-05,6.127923160149782e-05,0.00013588400667924704,0.00011100580268345701,0.00010518631017369243,0.00013669118696301648,0.00011262389322459338,0.00013842231921405766,7.49147265343415e-05,3.0081288814103623e-05,9.694863140061573e-05,0.00011897379526636692,0.00012321429131382592,8.019939581245818e-05,0.0001844003195561379,6.627258579682484e-05,0.00010137981882420887,0.00012182353743228341,0.00021883160094697163,6.525144213206448e-05,0.00014213932297967358,6.735157881893503e-05,7.859696516642853e-05,5.7140149043888896e-05,0.00011988103579851464,6.402424812038011e-06,4.292069579672675e-05,2.2294334374058732e-05,0.00021960244312465175,3.818326325984574e-05,0.00010223334105989358,6.49493678041723e-05,7.733827770150427e-05,0.00012816348469983448,0.00010105990977089859,2.9410159285381835e-05,9.679489942152373e-05,0.00022397287275022557,9.945313595117986e-05,0.00013276417567223048,0.0003120035899498767
